[["green",(37,0,100),(72,255,255)],
["blue",(105,0,100),(135,255,255)],
["red1",(0,0,100),(18,255,255)],
["red2",(170,0,100),(180,255,255)],
["yellow",(22,0,100),(35,255,255)],
["purple",(141,0,100),(165,255,255)],
["turquoise",(86,165,100),(94,255,255)]]


[["green",(54,95,100),(66,254,255)],
["blue",(113,222,100),(132,254,255)],
["red1",(0,210,100),(7,254,255)],
#["red2",(170,0,100),(180,254,255)],
["yellow",(27,190,100),(155,254,255)],
["purple",(141,56,100),(165,254,255)],
["turquoise",(86,165,100),(94,254,255)]]